0.9092000000000001                              1.4037865170549933e-16                              4.090999094157874e-17
0.9378                              7.37923131002459e-17                              1.7080511645258722e-17
0.9664                              4.664703997395732e-17                              6.6409119387460594e-18
0.995                              2.3300267381654855e-17                              4.9456110311720845e-18
1.0236                              2.1669331837696003e-17                              4.901166124272001e-18
1.0522                              1.8361263578164326e-17                              3.970618571397533e-18
1.0808                              1.2881721344427092e-17                              3.180027877675749e-18
1.1094000000000002                              3.72230600556657e-18                              1.0755115301760036e-18
1.138                              3.307361092579146e-18                              2.075196351871715e-18
1.1665999999999999                              8.661320886410683e-19                              1.8701040546437578e-19
1.1952                              1.4481576422506956e-17                              3.359916499738134e-18
1.2238                              1.8792162511343932e-17                              1.3870805896822475e-18
1.2524000000000002                              2.6036315136513934e-17                              1.3222503111706652e-18
1.281                              2.1143191455121294e-17                              1.2821904063769503e-18
1.3095999999999999                              5.594232580623412e-18                              1.517263907302667e-18
1.3382                              7.868928853648699e-18                              3.1545698416212163e-18
1.3668                              8.63036468260778e-18                              5.550821953528548e-18
1.3954000000000002                              8.93213805779572e-18                              3.87691841090497e-18
1.424                              5.525207281036383e-18                              1.4836024882349414e-18
1.4526                              7.25135843164961e-18                              1.622099179971254e-18
1.4812                              9.558506948310643e-18                              2.2905206939215123e-18
1.5098                              1.42279000025214e-17                              2.1439981751692785e-18
1.5384000000000002                              1.5151689674116008e-17                              8.151851014625735e-19
1.567                              1.6288546942377413e-17                              7.916768774499664e-19
1.5956                              1.1872913284901492e-17                              1.2855203975084545e-18
1.6242                              6.6738620920215995e-18                              1.5862700087030155e-18
1.6528                              4.462837877482443e-18                              7.337343337893367e-19
1.6814000000000002                              4.728367726438366e-18                              6.286815587688889e-19
1.71                              5.2430659391294964e-18                              8.318828484313158e-19
1.7386                              6.2382028688905585e-18                              1.3009338602636262e-18
1.7672                              8.712295118085113e-18                              3.6116646242995396e-18
1.7958                              -0.000057712262557454266                              0.0000407802089669882