#
# Generated by G. Mace, Sun Mar 11 17:16:51 2012
#
#=========================================
# Wavelength  Flux Density         Error
#(vacuum um)  (norm f_lam)  (norm f_lam)
#=========================================
   0.6484804    2.8068E-01    2.1685E-01
   0.6506152    1.4792E-01    1.9222E-01
   0.6527430    3.6774E-01    1.9404E-01
   0.6548644    2.5340E-01    1.7472E-01
   0.6569805    3.0269E-01    1.5932E-01
   0.6590918    6.1701E-01    1.3666E-01
   0.6611993    2.1317E-01    1.3635E-01
   0.6633039    7.5307E-02    1.3737E-01
   0.6654060    5.5992E-01    1.3518E-01
   0.6675066    5.3492E-02    1.3568E-01
   0.6696064    1.8803E-01    1.3206E-01
   0.6717061    2.6928E-01    1.2382E-01
   0.6738065    1.9824E-01    1.2102E-01
   0.6759080    2.5285E-01    1.1537E-01
   0.6780115    7.0149E-02    1.1451E-01
   0.6801176    1.1050E-01    1.0969E-01
   0.6822270    8.1505E-02    1.0980E-01
   0.6843401    7.3537E-02    1.0496E-01
   0.6864578    1.8673E-01    1.0771E-01
   0.6885804    2.4512E-01    9.9081E-02
   0.6907087    2.4182E-01    9.6788E-02
   0.6928432    1.7538E-01    9.0195E-02
   0.6949844    1.8468E-01    8.6776E-02
   0.6971328    1.4031E-01    8.2228E-02
   0.6992891    7.3591E-02    8.1204E-02
   0.7014536    1.5417E-01    7.5241E-02
   0.7036269    1.1957E-01    7.3670E-02
   0.7058095    1.7806E-01    6.8809E-02
   0.7080018    1.2036E-01    6.6955E-02
   0.7102043    9.1956E-02    6.3476E-02
   0.7124174    1.0773E-01    6.3472E-02
   0.7146416    1.3070E-01    6.0104E-02
   0.7168772    7.5939E-02    6.1424E-02
   0.7191247    1.7193E-01    5.8678E-02
   0.7213844    7.0377E-02    5.7079E-02
   0.7236567    1.1474E-01    5.4140E-02
   0.7259421    9.3797E-02    5.3074E-02
   0.7282408    1.1322E-01    5.0123E-02
   0.7305532    1.7722E-01    5.1965E-02
   0.7328796    1.3334E-01    4.7298E-02
   0.7352204    1.4657E-02    4.6979E-02
   0.7375758    2.4699E-02    4.4482E-02
   0.7399461    5.0417E-02    4.3866E-02
   0.7423317    6.1645E-02    4.0910E-02
   0.7447328    7.3946E-02    4.1806E-02
   0.7471496    7.4438E-02    3.7254E-02
   0.7495825    3.3971E-02    3.8995E-02
   0.7520316    5.2939E-02    3.5576E-02
   0.7544973    2.5786E-02    3.6701E-02
   0.7569796    7.1966E-02    3.7955E-02
   0.7594789    4.0793E-02    4.4144E-02
   0.7619954   -6.9932E-03    4.5806E-02
   0.7645291    6.9896E-03    4.3933E-02
   0.7670804    4.7227E-02    3.6210E-02
   0.7696494    2.4952E-02    3.3598E-02
   0.7722362    1.9806E-04    3.0717E-02
   0.7748410    7.0206E-03    3.1319E-02
   0.7774640    6.6963E-02    2.9549E-02
   0.7801054    5.8289E-02    2.9965E-02
   0.7827651    1.7927E-03    2.9023E-02
   0.7854434    6.0869E-02    2.8643E-02
   0.7881403    2.8880E-02    2.8096E-02
   0.7908560    1.1133E-01    2.8761E-02
   0.7935906    9.2446E-02    2.7407E-02
   0.7963442    6.5970E-02    2.7658E-02
   0.7991167    1.7951E-02    2.6654E-02
   0.8019084    6.3543E-02    2.9118E-02
   0.8047193    7.1159E-02    2.5718E-02
   0.8075493    4.2792E-02    2.5823E-02
   0.8103987    9.4486E-02    2.5343E-02
   0.8132674    2.4970E-02    2.6641E-02
   0.8161554    1.3845E-01    2.6216E-02
   0.8190629    5.9589E-02    2.6194E-02
   0.8219898    1.0579E-01    2.4359E-02
   0.8249360    4.0171E-02    2.4023E-02
   0.8279018    1.7523E-02    2.3096E-02
   0.8308870    2.7831E-02    2.3459E-02
   0.8338916    3.2518E-02    2.2733E-02
   0.8369156    8.4552E-02    2.2513E-02
   0.8399590    1.8128E-02    2.1834E-02
   0.8430219   -3.4709E-02    2.1896E-02
   0.8461041    4.1880E-02    2.0625E-02
   0.8492056    1.2077E-02    2.0669E-02
   0.8523264    2.2683E-02    1.9418E-02
   0.8554664    5.7477E-02    1.9134E-02
   0.8586257    4.3248E-02    1.8683E-02
   0.8618041    2.8003E-02    1.9310E-02
   0.8650015    3.6861E-02    1.8470E-02
   0.8682179    3.0865E-02    1.8898E-02
   0.8714533    2.6824E-02    1.8749E-02
   0.8747076    4.7057E-02    1.8799E-02
   0.8779806    6.5225E-02    1.8533E-02
   0.8812723    1.5606E-02    1.9125E-02
   0.8845826    6.8744E-02    1.8137E-02
   0.8879115    4.3874E-02    1.8201E-02
   0.8912587    5.5161E-02    1.7706E-02
   0.8946242    4.8440E-02    1.8360E-02
   0.8980080    8.5189E-02    1.7248E-02
   0.9014098    4.3357E-02    1.6882E-02
   0.9048296    3.7075E-02    1.6115E-02
   0.9082673    5.6113E-02    1.6068E-02
   0.9117226    4.4484E-02    1.5411E-02
   0.9151956    8.1167E-02    1.5591E-02
   0.9186860    8.7085E-02    1.4935E-02
   0.9221938    5.1074E-02    1.4780E-02
   0.9257188    7.0287E-02    1.5130E-02
   0.9292608    2.6100E-02    1.6474E-02
   0.9328197    3.4401E-02    1.7614E-02
   0.9363955    4.7382E-02    1.8790E-02
   0.9399878    1.8818E-02    1.7890E-02
   0.9435965    4.0694E-02    1.7658E-02
   0.9472216    4.2378E-02    1.7033E-02
   0.9508629    4.5837E-02    1.6467E-02
   0.9545202    1.0294E-01    1.5089E-02
   0.9581932    7.4926E-02    1.4103E-02
   0.9618819    7.1256E-02    1.3462E-02
   0.9655861    8.0202E-02    1.3247E-02
   0.9693056    7.0941E-02    1.2698E-02
   0.9730403    9.6824E-02    1.2831E-02
   0.9767900    8.0941E-02    1.2551E-02
   0.9805544    9.8705E-02    1.2570E-02
   0.9843334    1.4107E-01    1.2185E-02
   0.9881269    1.2875E-01    1.2366E-02
   0.9919347    1.4863E-01    1.2517E-02
   0.9957564    1.4951E-01    1.2891E-02
   0.9995921    1.5970E-01    1.2784E-02
   1.0034415    2.0590E-01    1.2041E-02
   1.0073043    2.1395E-01    1.1666E-02
   1.0111805    2.2456E-01    1.1840E-02
   1.0150697    2.5929E-01    1.2068E-02
   1.0189720    2.8445E-01    1.2037E-02
   1.0228870    3.2759E-01    1.2391E-02
   1.0268145    3.5331E-01    1.2723E-02
   1.0307542    3.9234E-01    1.2165E-02
   1.0347062    4.2059E-01    1.2647E-02
   1.0386701    4.7605E-01    1.2099E-02
   1.0426457    5.1118E-01    1.2185E-02
   1.0466329    5.5036E-01    1.1528E-02
   1.0506314    5.8755E-01    1.0763E-02
   1.0546410    6.1150E-01    9.9867E-03
   1.0586616    6.4194E-01    9.6239E-03
   1.0626929    6.6303E-01    9.5069E-03
   1.0667348    6.5712E-01    1.0117E-02
   1.0707870    7.1363E-01    1.0585E-02
   1.0748491    7.2564E-01    1.0907E-02
   1.0789213    7.1868E-01    1.2194E-02
   1.0830033    6.5348E-01    1.1605E-02
   1.0870947    5.7085E-01    1.1704E-02
   1.0911953    4.3238E-01    1.1439E-02
   1.0953051    3.0807E-01    1.0885E-02
   1.0994238    1.9508E-01    1.0685E-02
   1.1035511    1.4983E-01    1.0012E-02
   1.1076870    1.0599E-01    9.1572E-03
   1.1118311    6.8183E-02    8.7416E-03
   1.1159832    4.9466E-02    8.6447E-03
   1.1201433    2.2918E-02    8.5181E-03
   1.1243110    2.4313E-02    9.4295E-03
   1.1284860    3.7736E-02    1.0460E-02
   1.1326685    2.3996E-02    1.0562E-02
   1.1368579    1.2169E-02    1.1009E-02
   1.1410542    6.6583E-04    1.1287E-02
   1.1452571    1.7738E-02    1.0623E-02
   1.1494665    5.3204E-03    1.1188E-02
   1.1536821   -5.6715E-03    1.0441E-02
   1.1579037    1.5126E-02    9.8721E-03
   1.1621312    1.4921E-02    9.2797E-03
   1.1663643    2.0791E-02    8.3472E-03
   1.1706029    8.9481E-03    7.3600E-03
   1.1748468    1.9706E-02    6.7662E-03
   1.1790956    2.3227E-02    6.3499E-03
   1.1833493    3.6356E-02    6.0600E-03
   1.1876076    5.0858E-02    5.8632E-03
   1.1918706    7.6734E-02    6.4919E-03
   1.1961377    9.1989E-02    7.4920E-03
   1.2004089    1.3900E-01    8.0772E-03
   1.2046840    1.6545E-01    8.5848E-03
   1.2089628    2.0210E-01    9.1072E-03
   1.2132452    2.7898E-01    8.6874E-03
   1.2175308    3.1994E-01    9.1624E-03
   1.2218196    3.7962E-01    9.0354E-03
   1.2261114    4.2340E-01    8.8979E-03
   1.2304060    4.9241E-01    8.8635E-03
   1.2347032    5.8665E-01    8.6115E-03
   1.2390028    6.5566E-01    7.7737E-03
   1.2433046    7.2422E-01    7.4123E-03
   1.2476085    8.0108E-01    7.1781E-03
   1.2519143    8.9855E-01    7.1853E-03
   1.2562218    9.3388E-01    7.3822E-03
   1.2605308    9.9741E-01    8.6034E-03
   1.2648413    1.0209E+00    9.8946E-03
   1.2691529    1.0026E+00    1.0101E-02
   1.2734656    9.7001E-01    1.0821E-02
   1.2777791    9.2385E-01    1.0239E-02
   1.2820934    8.1449E-01    9.7180E-03
   1.2864082    7.1728E-01    9.5665E-03
   1.2907233    6.0930E-01    8.9164E-03
   1.2950387    5.6870E-01    9.0526E-03
   1.2993542    4.5229E-01    8.7055E-03
   1.3036696    3.7035E-01    8.5989E-03
   1.3079846    3.1376E-01    8.5774E-03
   1.3122994    2.5061E-01    8.1823E-03
   1.3166136    2.1231E-01    7.7065E-03
   1.3209270    1.6639E-01    7.0326E-03
   1.3252397    1.2884E-01    6.4884E-03
   1.3295512    8.1674E-02    6.0207E-03
   1.3338617    4.3269E-02    5.5354E-03
   1.3381710    2.0477E-02    5.5020E-03
   1.3424788    6.4909E-03    5.6034E-03
   1.3467851    2.6982E-03    6.7228E-03
   1.3510896    3.3655E-03    8.2189E-03
   1.3553923    1.7412E-03    1.1875E-02
   1.3596932   -3.2579E-03    1.8078E-02
   1.3639919    4.8804E-02    2.2889E-02
   1.3682883    4.8763E-02    2.1201E-02
   1.3725824   -4.1131E-03    1.8064E-02
   1.3768741    1.4393E-02    1.7200E-02
   1.3811632    7.5620E-03    1.7428E-02
   1.3854496   -2.0287E-02    1.6993E-02
   1.3897332    4.3069E-04    1.6259E-02
   1.3940138    5.2979E-05    1.5303E-02
   1.3982913    8.2379E-03    1.7049E-02
   1.4025657   -1.1403E-02    1.7200E-02
   1.4068369   -4.0319E-02    1.6866E-02
   1.4111046    1.3173E-02    1.5691E-02
   1.4153688   -2.0425E-03    1.4623E-02
   1.4196293   -9.1753E-03    1.2460E-02
   1.4238863    1.0028E-02    1.0616E-02
   1.4281393    9.1869E-03    9.2279E-03
   1.4323885   -9.3182E-04    9.9730E-03
   1.4366337    9.2667E-03    9.7019E-03
   1.4408748   -1.1358E-02    9.1788E-03
   1.4451118    2.2584E-02    9.2316E-03
   1.4493443    2.0776E-02    1.0225E-02
   1.4535726    3.2133E-02    1.0973E-02
   1.4577963    3.2560E-02    1.1282E-02
   1.4620156    2.7597E-02    1.0280E-02
   1.4662303    6.3095E-02    1.0340E-02
   1.4704401    3.3749E-02    9.4506E-03
   1.4746453    2.0165E-02    9.8900E-03
   1.4788456    2.8203E-02    9.7755E-03
   1.4830409    2.8124E-02    1.0488E-02
   1.4872313    3.9842E-02    1.0327E-02
   1.4914165    4.0772E-02    9.0673E-03
   1.4955965    6.0738E-02    7.8010E-03
   1.4997714    5.1700E-02    9.6099E-03
   1.5039409    5.8030E-02    1.1371E-02
   1.5081052    5.6769E-02    1.1455E-02
   1.5122640    7.1478E-02    1.0604E-02
   1.5164173    6.9937E-02    8.4704E-03
   1.5205652    1.1033E-01    9.1927E-03
   1.5247073    1.3572E-01    1.0010E-02
   1.5288439    1.4479E-01    1.1274E-02
   1.5329747    1.9390E-01    1.0489E-02
   1.5370998    2.0934E-01    1.0329E-02
   1.5412192    2.2168E-01    9.5382E-03
   1.5453327    2.6140E-01    8.5795E-03
   1.5494403    2.7626E-01    8.8039E-03
   1.5535419    3.1107E-01    8.3506E-03
   1.5576376    3.5032E-01    8.9661E-03
   1.5617273    3.8452E-01    9.5402E-03
   1.5658109    4.3834E-01    9.1277E-03
   1.5698885    4.6093E-01    8.3874E-03
   1.5739598    4.9946E-01    7.3609E-03
   1.5780250    5.4300E-01    9.7742E-03
   1.5820841    5.4448E-01    1.1593E-02
   1.5861368    5.3121E-01    1.1488E-02
   1.5901834    4.8522E-01    1.0552E-02
   1.5942236    4.5854E-01    7.8065E-03
   1.5982575    3.8942E-01    8.6339E-03
   1.6022853    2.8404E-01    9.9014E-03
   1.6063064    1.9826E-01    1.0703E-02
   1.6103214    1.2430E-01    1.0990E-02
   1.6143298    7.7342E-02    9.8443E-03
   1.6183319    7.4840E-02    1.0244E-02
   1.6223276    5.0394E-02    8.9399E-03
   1.6263167    4.6081E-02    8.1906E-03
   1.6302994    2.4664E-02    8.0626E-03
   1.6342757    2.3991E-02    7.3957E-03
   1.6382455    2.3752E-02    7.7114E-03
   1.6422087    3.5396E-02    8.0538E-03
   1.6461654    3.2709E-02    8.4062E-03
   1.6501156    4.2010E-02    8.4236E-03
   1.6540594    3.7030E-02    7.5573E-03
   1.6579965    5.2040E-02    6.2522E-03
   1.6619272    4.1784E-02    6.1934E-03
   1.6658514    3.8562E-02    9.4315E-03
   1.6697689    3.2954E-02    1.0627E-02
   1.6736799    2.0979E-02    1.0315E-02
   1.6775845    5.1970E-03    8.2886E-03
   1.6814824    2.7871E-02    5.8338E-03
   1.6853739    2.7850E-02    7.1779E-03
   1.6892588    3.6890E-02    8.5513E-03
   1.6931373    2.7769E-02    9.1228E-03
   1.6970092   -1.8467E-03    1.0000E-02
   1.7008746    1.3832E-02    9.0476E-03
   1.7047335    2.8003E-02    8.7786E-03
   1.7085859    2.8681E-02    8.7651E-03
   1.7124318    2.4566E-02    7.7589E-03
   1.7162713    1.8697E-02    7.5492E-03
   1.7201042    3.0370E-02    7.1129E-03
   1.7239308    3.0221E-02    6.7455E-03
   1.7277510    4.3755E-02    6.8949E-03
   1.7315646    2.5242E-02    6.9559E-03
   1.7353719    1.7525E-02    7.0761E-03
   1.7391729    1.9406E-02    7.5905E-03
   1.7429675    3.0571E-02    7.8417E-03
   1.7467557    2.2544E-02    7.2525E-03
   1.7505375    3.1108E-02    6.4985E-03
   1.7543131    2.9049E-02    5.2509E-03
   1.7580824    2.4341E-02    5.5186E-03
   1.7618454    3.4061E-02    8.6014E-03
   1.7656020    2.6408E-02    9.6780E-03
   1.7693524    1.9477E-02    9.7555E-03
   1.7730968    2.7365E-02    8.0436E-03
   1.7768348    1.8469E-02    5.6977E-03
   1.7805667    2.9679E-02    5.9900E-03
   1.7842925    1.9996E-02    7.9477E-03
   1.7880120    2.6736E-02    8.3546E-03
   1.7917256    2.3374E-02    8.4041E-03
   1.7954330    1.6127E-02    9.3843E-03
   1.7991344    8.5963E-04    9.7267E-03
   1.8028297    9.6539E-03    1.0833E-02
   1.8065190    1.0561E-02    1.1440E-02
   1.8102025    2.3015E-02    1.0886E-02
   1.8138798    1.7109E-02    1.1069E-02
   1.8175513    2.6216E-02    1.1458E-02
   1.8212168    2.6401E-02    1.0581E-02
   1.8248765    3.9146E-02    1.2023E-02
   1.8285303    2.2841E-02    1.3373E-02
   1.8321784   -1.6015E-02    1.5912E-02
   1.8358206    1.7757E-02    1.8712E-02
   1.8394569   -2.3987E-02    2.0984E-02
   1.8430877    2.6216E-02    2.3038E-02
   1.8467126    8.5194E-03    2.1298E-02
   1.8503318    2.3593E-02    2.2718E-02
   1.8539454    1.8508E-02    2.2612E-02
   1.8575532    1.2588E-02    1.9787E-02
   1.8611556    4.0814E-02    1.6041E-02
   1.8647523    2.0454E-02    1.6181E-02
   1.8683435    6.8010E-02    2.1002E-02
   1.8719290    1.9124E-02    3.4744E-02
   1.8755091    3.1053E-02    2.9416E-02
   1.8790838    3.4390E-05    1.8789E-02
   1.8826529    3.8329E-02    1.2029E-02
   1.8862165   -6.1868E-04    1.0926E-02
   1.8897748    2.5326E-02    1.0717E-02
   1.8933277    5.2633E-02    1.1197E-02
   1.8968751    5.2643E-02    1.3160E-02
   1.9004173    2.8207E-02    1.5547E-02
   1.9039541    4.1600E-02    1.7762E-02
   1.9074857    2.2365E-02    1.6844E-02
   1.9110121    4.8101E-02    1.4736E-02
   1.9145330    2.5545E-02    1.3241E-02
   1.9180489    2.8325E-02    1.3114E-02
   1.9215595    3.5610E-02    1.3552E-02
   1.9250648    1.4974E-02    1.3419E-02
   1.9285650    2.8810E-02    1.2276E-02
   1.9320601    1.4967E-02    1.0329E-02
   1.9355501    2.0570E-02    8.6698E-03
   1.9390349    1.8416E-03    7.8780E-03
   1.9425148    2.0276E-02    7.2081E-03
   1.9459895    1.8807E-02    6.5092E-03
   1.9494591    2.2862E-02    7.4123E-03
   1.9529238    2.8468E-02    8.5961E-03
   1.9563833    2.3394E-02    9.3525E-03
   1.9598379    2.5823E-02    9.4200E-03
   1.9632876    2.1832E-02    8.7754E-03
   1.9667323    2.4057E-02    8.4685E-03
   1.9701720    4.8709E-02    7.9968E-03
   1.9736068    3.8584E-02    7.9652E-03
   1.9770366    3.6078E-02    7.0897E-03
   1.9804616    4.0178E-02    6.4048E-03
   1.9838816    3.5849E-02    5.3893E-03
   1.9872968    5.0532E-02    4.7224E-03
   1.9907072    4.1926E-02    4.5919E-03
   1.9941125    5.8024E-02    5.3927E-03
   1.9975132    4.7947E-02    8.9932E-03
   2.0009089    7.9749E-02    1.3488E-02
   2.0042996    6.2295E-02    1.7106E-02
   2.0076859    4.7096E-02    1.4738E-02
   2.0110672    5.5076E-02    1.0608E-02
   2.0144436    6.6196E-02    9.5592E-03
   2.0178151    6.4304E-02    8.6773E-03
   2.0211821    8.5743E-02    7.6522E-03
   2.0245440    7.3669E-02    8.0650E-03
   2.0279012    8.1805E-02    7.5077E-03
   2.0312538    8.2603E-02    7.4798E-03
   2.0346014    8.8775E-02    6.6775E-03
   2.0379443    1.0006E-01    7.4512E-03
   2.0412824    9.8198E-02    7.3149E-03
   2.0446157    9.4674E-02    7.4064E-03
   2.0479443    1.0397E-01    6.8079E-03
   2.0512681    1.0922E-01    7.2810E-03
   2.0545871    1.2948E-01    8.8732E-03
   2.0579011    1.2741E-01    8.4392E-03
   2.0612106    1.3139E-01    7.6561E-03
   2.0645154    1.1976E-01    5.9521E-03
   2.0678151    1.2694E-01    6.0727E-03
   2.0711102    1.3101E-01    6.8038E-03
   2.0744004    1.2163E-01    6.3196E-03
   2.0776858    1.1951E-01    5.8904E-03
   2.0809667    1.3596E-01    4.9499E-03
   2.0842423    1.2561E-01    4.9852E-03
   2.0875134    1.1967E-01    5.3212E-03
   2.0907798    1.2393E-01    5.3229E-03
   2.0940411    1.2292E-01    4.9228E-03
   2.0972977    1.1951E-01    4.6344E-03
   2.1005492    1.1003E-01    4.4317E-03
   2.1037962    1.1481E-01    4.8816E-03
   2.1070383    1.1708E-01    5.3894E-03
   2.1102753    1.0650E-01    5.5793E-03
   2.1135075    1.1133E-01    5.7955E-03
   2.1167347    1.1332E-01    5.7066E-03
   2.1199572    1.0176E-01    5.6422E-03
   2.1231749    9.0164E-02    5.9142E-03
   2.1263876    9.2792E-02    5.5299E-03
   2.1295953    7.9839E-02    5.5068E-03
   2.1327980    8.3562E-02    4.9562E-03
   2.1359959    8.7389E-02    4.7257E-03
   2.1391888    8.3416E-02    4.4126E-03
   2.1423767    7.4485E-02    4.2792E-03
   2.1455595    8.3396E-02    4.8683E-03
   2.1487374    7.2298E-02    6.5769E-03
   2.1519105    6.8107E-02    7.3057E-03
   2.1550784    6.9489E-02    7.4069E-03
   2.1582413    6.1555E-02    6.2758E-03
   2.1613994    6.1906E-02    5.1422E-03
   2.1645522    5.1706E-02    4.7078E-03
   2.1677001    4.4632E-02    4.8548E-03
   2.1708429    4.9622E-02    5.0027E-03
   2.1739805    4.7364E-02    5.1090E-03
   2.1771133    4.8824E-02    5.9924E-03
   2.1802409    5.1668E-02    6.3377E-03
   2.1833634    4.2946E-02    6.4883E-03
   2.1864808    4.3263E-02    6.1647E-03
   2.1895931    3.5700E-02    5.5188E-03
   2.1927004    2.8632E-02    6.3867E-03
   2.1958027    2.1848E-02    6.6475E-03
   2.1988997    1.7659E-02    6.7969E-03
   2.2019916    1.3478E-02    6.4312E-03
   2.2050786    4.6294E-03    5.7855E-03
   2.2081604    2.4648E-02    6.0731E-03
   2.2112370    7.1992E-04    6.5098E-03
   2.2143085    8.3384E-03    6.3198E-03
   2.2173750    2.2711E-02    6.1947E-03
   2.2204366    1.6285E-02    5.2976E-03
   2.2234929    2.0761E-02    5.3064E-03
   2.2265441    2.1992E-02    5.6125E-03
   2.2295904   -4.2500E-04    6.2660E-03
   2.2326314    8.0772E-03    6.2248E-03
   2.2356677   -4.4120E-03    6.1173E-03
   2.2386987    1.0103E-02    5.4936E-03
   2.2417247    7.0165E-03    5.3201E-03
   2.2447460    1.0800E-02    5.4918E-03
   2.2477620    2.3672E-03    5.7268E-03
   2.2507732    1.0136E-02    5.8875E-03
   2.2537796   -8.4287E-03    5.8982E-03
   2.2567809    6.7041E-03    5.8919E-03
   2.2597775    1.7565E-02    5.7021E-03
   2.2627692   -7.1512E-03    5.7306E-03
   2.2657561    7.9272E-03    5.8978E-03
   2.2687383    1.1279E-02    5.9429E-03
   2.2717156    2.1942E-03    6.1448E-03
   2.2746885   -4.6085E-03    6.1923E-03
   2.2776566    8.0041E-03    6.1166E-03
   2.2806203    7.5773E-03    6.0159E-03
   2.2835793    3.5606E-04    5.9703E-03
   2.2865338    5.1461E-03    6.0253E-03
   2.2894840    1.9329E-03    6.1228E-03
   2.2924299   -4.7409E-03    6.3117E-03
   2.2953715    1.2427E-02    6.5788E-03
   2.2983088   -9.5207E-03    6.8305E-03
   2.3012419   -1.7510E-03    6.7289E-03
   2.3041711   -3.4237E-03    6.5834E-03
   2.3070962    7.5829E-03    6.3624E-03
   2.3100176    2.2499E-02    6.2069E-03
   2.3129349    1.0982E-02    6.3773E-03
   2.3158488    2.2741E-02    7.1063E-03
   2.3187590    8.6834E-03    7.2770E-03
   2.3216655   -2.8141E-03    7.1844E-03
   2.3245687    1.2589E-02    6.8379E-03
   2.3274686    7.1262E-03    6.7064E-03
   2.3303654   -2.1681E-04    6.7359E-03
   2.3332593   -2.1656E-03    6.7688E-03
   2.3361502    1.3147E-02    6.9981E-03
   2.3390381    3.0009E-03    7.3177E-03
   2.3419237    7.5478E-03    7.5696E-03
   2.3448067    3.8002E-03    7.7371E-03
   2.3476872    4.4334E-03    8.0127E-03
   2.3505657   -1.4934E-02    8.4660E-03
   2.3534422    6.8448E-03    8.4149E-03
   2.3563168    8.1310E-03    8.1637E-03
   2.3591897   -5.5598E-03    7.7847E-03
   2.3620610    1.3459E-02    7.6968E-03
   2.3649313    1.6992E-02    7.8242E-03
   2.3678005    2.6484E-03    8.7303E-03
   2.3706686    4.5946E-03    9.8666E-03
   2.3735361    1.0139E-02    1.0078E-02
   2.3764033    7.7991E-03    9.5032E-03
   2.3792701   -2.0592E-03    9.2665E-03
   2.3821371   -8.4263E-03    9.4368E-03
   2.3850043    2.0769E-03    9.2989E-03
   2.3878720    6.4363E-03    9.4516E-03
   2.3907404    6.7447E-03    9.2135E-03
   2.3936100    9.8071E-03    9.2467E-03
   2.3964808   -7.3416E-03    8.9616E-03
   2.3993535   -1.6604E-03    8.6246E-03
   2.4022279    2.3038E-02    8.8286E-03
   2.4051044   -5.7374E-04    9.2636E-03
   2.4079838    1.2540E-02    9.5385E-03
   2.4108658    1.6239E-02    9.7348E-03
   2.4137511    1.8308E-02    1.0415E-02
   2.4166398   -1.1973E-02    1.1620E-02
   2.4195325    1.1119E-02    1.1941E-02
   2.4224296   -4.4841E-03    1.1160E-02
   2.4253314    1.9520E-02    1.0030E-02
   2.4282382    9.0127E-03    9.0389E-03
   2.4311504    2.1960E-02    9.3566E-03
   2.4340684    9.7557E-03    1.1292E-02
   2.4369929    5.0565E-03    1.2815E-02
   2.4399240    8.1064E-03    1.2235E-02
   2.4428623    6.3349E-03    1.0698E-02
   2.4458082    1.1145E-02    1.0966E-02
   2.4487622    8.7962E-03    1.3254E-02
   2.4517248    6.9532E-03    1.5175E-02
   2.4546967   -1.5339E-03    1.5213E-02
   2.4576781    2.2855E-02    1.2906E-02
   2.4606695    2.2142E-02    1.1231E-02
   2.4636717    2.7421E-03    1.1412E-02
   2.4666853    1.2437E-02    1.1830E-02
   2.4697106    1.2816E-02    1.1967E-02
   2.4727483    3.5089E-02    1.3186E-02
   2.4757988   -7.8981E-03    1.5883E-02
   2.4788632    1.0740E-02    1.5662E-02
   2.4819417    3.5140E-02    1.5559E-02
   2.4850352    2.9076E-02    1.5562E-02
   2.4881444    2.4194E-02    1.8534E-02
   2.4912696    3.1516E-03    2.1405E-02
   2.4944117    2.5288E-03    2.2353E-02
   2.4975717    3.8146E-02    2.3461E-02
   2.5007498   -1.1636E-02    2.4343E-02
   2.5039473    5.8674E-03    2.2207E-02
   2.5071645    1.4558E-02    1.9857E-02
   2.5104024    5.6431E-02    1.9242E-02
   2.5136619   -1.8361E-02    2.1800E-02
   2.5169435    2.4440E-03    2.4785E-02
   2.5202484    1.1614E-02    2.6868E-02
   2.5235772    2.2843E-02    3.0019E-02
   2.5269310   -3.4276E-02    4.0332E-02
   2.5303104   -5.3633E-02    4.2980E-02
   2.5337167   -2.3886E-02    4.1077E-02
   2.5371504    4.9390E-02    3.8136E-02
   2.5406129    3.2552E-02    4.4508E-02
   2.5441048    2.1047E-02    6.5864E-02
   2.5476274    1.5136E-01    8.9809E-02
   2.5511816   -2.4850E-03    1.1382E-01
   2.5547683   -2.5403E-03    1.0571E-01
   2.5583889    1.4844E-02    9.2272E-02
   2.5620441   -1.4911E-01    1.1037E-01
   2.5657353    1.0166E-01    1.5211E-01
   2.5694637   -4.0411E-01    2.5810E-01
   2.5732300    8.6837E-03    2.5737E-01
   2.5770361    9.8668E-02    2.1645E-01
   2.5808825    1.1949E-02    1.3140E-01
